990201,1,0,0,0,0,0,(),出版日,,
990201,1,0,0,0,0,0,(),発行日,,
990201,1,0,0,0,0,0,(),リリース日,,
990201,1,0,0,0,0,0,(),発刊日,,
990201,1,0,0,0,0,0,(),刊行日,,
990201,1,0,0,0,0,0,(),公表日,,
990201,1,0,0,0,0,0,(),発売日,,
990201,1,0,0,0,0,0,(),販売日,,
990201,1,0,0,0,0,0,(),上映日,,
990201,1,0,0,0,0,0,(),公布日,,
990201,1,0,0,0,0,0,(),初版日,,
990201,1,0,0,0,0,0,(),公刊日,,
990201,1,0,0,0,0,0,(),放送日,,
990201,1,0,0,0,0,0,(),放映日,,
990201,1,0,0,0,0,0,(),製作年,,
990201,1,0,0,0,0,0,(),投稿日,,
990201,1,0,0,0,0,0,(),リリース,,

990202,1,0,0,0,0,0,(),開発者,,
990202,1,0,0,0,0,0,(),開発元,,
990202,1,0,0,0,0,0,(),デベロッパ,,
990202,1,0,0,0,0,0,(),デベロッパー,,
990202,1,0,0,0,0,0,(),ディベロッパ,,
990202,1,0,0,0,0,0,(),ディベロッパー,,
990202,1,0,0,0,0,0,(),開発元および開発者,,
990202,1,0,0,0,0,0,(),デザイナー,,
990202,1,0,0,0,0,0,(),開発・販売元,,

990203,1,0,0,0,0,0,(),死没地,,
990203,1,0,0,0,0,0,(),没地,,
990203,1,0,0,0,0,0,(),死亡地,,
990203,1,0,0,0,0,0,(),死地,,
990203,1,0,0,0,0,0,(),死亡した場所,,
990203,1,0,0,0,0,0,(),死亡場所,,
990203,1,0,0,0,0,0,(),死没地,,

990204,1,0,0,0,0,0,(),収監場所,,
990204,1,0,0,0,0,0,(),投獄場所,,
990204,1,0,0,0,0,0,(),刑務所,,
990204,1,0,0,0,0,0,(),拘置所,,
990204,1,0,0,0,0,0,(),拘置場所,,
990204,1,0,0,0,0,0,(),収監地,,

990205,1,0,0,0,0,0,(),主演者,,
990205,1,0,0,0,0,0,(),主演,,

990206,1,0,0,0,0,0,(),母,,
990206,1,0,0,0,0,0,(),母親,,

990207,1,0,0,0,0,0,(),死亡年月日,,
990207,1,0,0,0,0,0,(),没年,,
990207,1,0,0,0,0,0,(),没年月日,,
990207,1,0,0,0,0,0,(),死亡日,,
990207,1,0,0,0,0,0,(),死亡年,,
990207,1,0,0,0,0,0,(),没年,,

990208,1,0,0,0,0,0,(),開始日,,
990208,1,0,0,0,0,0,(),開始年月日,,
990208,1,0,0,0,0,0,(),開始日時,,
990208,1,0,0,0,0,0,(),開始時刻,,
990208,1,0,0,0,0,0,(),開始日付,,
990208,1,0,0,0,0,0,(),始期,,
990208,1,0,0,0,0,0,(),結婚日,,
990208,1,0,0,0,0,0,(),就任日,,
990208,1,0,0,0,0,0,(),任期開始,,
990208,1,0,0,0,0,0,(),発生日,,
990208,1,0,0,0,0,0,(),かいしび,,
990208,1,0,0,0,0,0,(),放送開始,,

990209,1,0,0,0,0,0,(),制作会社,,
990209,1,0,0,0,0,0,(),制作元,,
990209,1,0,0,0,0,0,(),映画会社,,

990210,1,0,0,0,0,0,(),配給元,,
990210,1,0,0,0,0,0,(),配給会社,,

990211,1,0,0,0,0,0,(),生年月日,,
990211,1,0,0,0,0,0,(),生まれ,,
990211,1,0,0,0,0,0,(),出生日,,
990211,1,0,0,0,0,0,(),生年,,
990211,1,0,0,0,0,0,(),生誕日,,
990211,1,0,0,0,0,0,(),生誕,,
990211,1,0,0,0,0,0,(),生誕日,,

990212,1,0,0,0,0,0,(),出演者,,
990212,1,0,0,0,0,0,(),俳優,,
990212,1,0,0,0,0,0,(),キャスト,,
990212,1,0,0,0,0,0,(),出演,,

990213,1,0,0,0,0,0,(),演者・演奏者・歌手,,
990213,1,0,0,0,0,0,(),アーティスト,,
990213,1,0,0,0,0,0,(),ミュージシャン,,
990213,1,0,0,0,0,0,(),音楽家,,
990213,1,0,0,0,0,0,(),バンド,,
990213,1,0,0,0,0,0,(),歌手,,
990213,1,0,0,0,0,0,(),演奏者,,
990213,1,0,0,0,0,0,(),演者,,
990213,1,0,0,0,0,0,(),実演者,,
990213,1,0,0,0,0,0,(),俳優,,
990213,1,0,0,0,0,0,(),オリジナルアーティスト,,

990214,1,0,0,0,0,0,(),所属グループ,,
990214,1,0,0,0,0,0,(),メンバーとして参加,,
990214,1,0,0,0,0,0,(),所属団体,,
990214,1,0,0,0,0,0,(),所属,,
990214,1,0,0,0,0,0,(),所属組織,,
990214,1,0,0,0,0,0,(),グループ,,
990214,1,0,0,0,0,0,(),参加団体,,
990214,1,0,0,0,0,0,(),参加グループ,,
990214,1,0,0,0,0,0,(),所属学会,,
990214,1,0,0,0,0,0,(),所属協会,,
990214,1,0,0,0,0,0,(),所属していたアイドルグループ,,

990215,1,0,0,0,0,0,(),活動開始,,
990215,1,0,0,0,0,0,(),デビュー,,
990215,1,0,0,0,0,0,(),開始,,
990215,1,0,0,0,0,0,(),活動期間,,

990217,1,0,0,0,0,0,(),下部組織,,
990217,1,0,0,0,0,0,(),子会社,,
990217,1,0,0,0,0,0,(),所属機関,,
990217,1,0,0,0,0,0,(),所属部隊,,

990218,1,0,0,0,0,0,(),所有物,,
990218,1,0,0,0,0,0,(),財産,,
990218,1,0,0,0,0,0,(),資産,,
990218,1,0,0,0,0,0,(),以下を所有,,

990220,1,0,0,0,0,0,(),事業部門,,
990220,1,0,0,0,0,0,(),業務部門,,
990220,1,0,0,0,0,0,(),事業部,,

990223,1,0,0,0,0,0,(),製造元,,
990223,1,0,0,0,0,0,(),製造者,,

990227,1,0,0,0,0,0,(),出生地,,
990227,1,0,0,0,0,0,(),生誕地,,
990227,1,0,0,0,0,0,(),誕生地,,
990227,1,0,0,0,0,0,(),生地,,
990227,1,0,0,0,0,0,(),出身地,,

990228,1,0,0,0,0,0,(),行政中心地,,
990228,1,0,0,0,0,0,(),政庁所在地,,
990228,1,0,0,0,0,0,(),首都,,
990228,1,0,0,0,0,0,(),首府,,
990228,1,0,0,0,0,0,(),都,,
990228,1,0,0,0,0,0,(),州都,,
990228,1,0,0,0,0,0,(),省都,,
990228,1,0,0,0,0,0,(),道都,,
990228,1,0,0,0,0,0,(),道庁所在地,,
990228,1,0,0,0,0,0,(),郡庁所在地,,
990228,1,0,0,0,0,0,(),県庁所在地,,
990228,1,0,0,0,0,0,(),県都,,
990228,1,0,0,0,0,0,(),都道府県庁所在地,,

990229,1,0,0,0,0,0,(),本部所在地,,
990229,1,0,0,0,0,0,(),本社所在地,,
990229,1,0,0,0,0,0,(),司令部所在地,,
990229,1,0,0,0,0,0,(),HQ,,

990230,1,0,0,0,0,0,(),仲介者,,
990230,1,0,0,0,0,0,(),エージェント,,
990230,1,0,0,0,0,0,(),代理人,,
990230,1,0,0,0,0,0,(),代表者,,
990230,1,0,0,0,0,0,(),タレント事務所,,
990230,1,0,0,0,0,0,(),音楽事務所,,
990230,1,0,0,0,0,0,(),マネージャー会社,,
990230,1,0,0,0,0,0,(),事務所,,
990230,1,0,0,0,0,0,(),声優事務所,,
990230,1,0,0,0,0,0,(),芸能事務所,,
990230,1,0,0,0,0,0,(),所属事務所,,
990230,1,0,0,0,0,0,(),事務所,,

990231,1,0,0,0,0,0,(),成立日,,
990231,1,0,0,0,0,0,(),創立日,,
990231,1,0,0,0,0,0,(),創設日,,
990231,1,0,0,0,0,0,(),開設日,,
990231,1,0,0,0,0,0,(),生成日,,
990231,1,0,0,0,0,0,(),建立日,,
990231,1,0,0,0,0,0,(),作成年,,
990231,1,0,0,0,0,0,(),設立年,,
990231,1,0,0,0,0,0,(),創立年,,
990231,1,0,0,0,0,0,(),創設年,,
990231,1,0,0,0,0,0,(),開設年,,
990231,1,0,0,0,0,0,(),生成年,,
990231,1,0,0,0,0,0,(),建立年,,
990231,1,0,0,0,0,0,(),結成日,,
990231,1,0,0,0,0,0,(),作成日,,
990231,1,0,0,0,0,0,(),竣工日,,
990231,1,0,0,0,0,0,(),完成日,,
990231,1,0,0,0,0,0,(),設立日,,
990231,1,0,0,0,0,0,(),創刊日,,
990231,1,0,0,0,0,0,(),市町村合併年,,

990232,1,0,0,0,0,0,(),プロデューサー,,
990232,1,0,0,0,0,0,(),制作,,

990234,1,0,0,0,0,0,(),隣の駅,,
990234,1,0,0,0,0,0,(),隣接駅,,
990234,1,0,0,0,0,0,(),次の駅,,
990234,1,0,0,0,0,0,(),前の駅,,

990235,1,0,0,0,0,0,(),上部組織,,
990235,1,0,0,0,0,0,(),親会社,,

990236,1,0,0,0,0,0,(),所有者,,
990236,1,0,0,0,0,0,(),所有組織,,
990236,1,0,0,0,0,0,(),所有権者,,
990236,1,0,0,0,0,0,(),持主,,
990236,1,0,0,0,0,0,(),オーナー,,
990236,1,0,0,0,0,0,(),飼い主,,
990236,1,0,0,0,0,0,(),持ち主,,
990236,1,0,0,0,0,0,(),筆頭株主,,

990238,1,0,0,0,0,0,(),組織形態,,
990238,1,0,0,0,0,0,(),法人格,,

990239,1,0,0,0,0,0,(),分類,,
990239,1,0,0,0,0,0,(),種類,,
990239,1,0,0,0,0,0,(),部類,,
990239,1,0,0,0,0,0,(),形式,,

990240,1,0,0,0,0,0,(),職業,,
990240,1,0,0,0,0,0,(),職種,,
990240,1,0,0,0,0,0,(),職名,,
990240,1,0,0,0,0,0,(),仕事,,

990241,1,0,0,0,0,0,(),受賞・受章,,
990241,1,0,0,0,0,0,(),受賞歴,,
990241,1,0,0,0,0,0,(),受章歴,,
990241,1,0,0,0,0,0,(),受賞,,
990241,1,0,0,0,0,0,(),受章,,
990241,1,0,0,0,0,0,(),賞,,
990241,1,0,0,0,0,0,(),章,,
990241,1,0,0,0,0,0,(),表彰,,
990241,1,0,0,0,0,0,(),名誉称号,,

990243,1,0,0,0,0,0,(),前,,
990243,1,0,0,0,0,0,(),前巻,,
990243,1,0,0,0,0,0,(),前作,,
990243,1,0,0,0,0,0,(),前項,,
990243,1,0,0,0,0,0,(),先代,,

990244,1,0,0,0,0,0,(),著者,,
990244,1,0,0,0,0,0,(),著作者,,
990244,1,0,0,0,0,0,(),作者,,

990245,1,0,0,0,0,0,(),録音スタジオ,,
990245,1,0,0,0,0,0,(),録音施設,,

990246,1,0,0,0,0,0,(),デザイン,,
990246,1,0,0,0,0,0,(),設計者,,
990246,1,0,0,0,0,0,(),デザイナー,,
990246,1,0,0,0,0,0,(),デザイナ,,
990246,1,0,0,0,0,0,(),設計,,
990246,1,0,0,0,0,0,(),意匠,,
990246,1,0,0,0,0,0,(),設計者,,

990247,1,0,0,0,0,0,(),次,,
990247,1,0,0,0,0,0,(),次巻,,
990247,1,0,0,0,0,0,(),次作,,
990247,1,0,0,0,0,0,(),次項,,
990247,1,0,0,0,0,0,(),後継,,

990248,1,0,0,0,0,0,(),読者層,,
990248,1,0,0,0,0,0,(),ターゲット,,

990249,1,0,0,0,0,0,(),ジャンル,,
990249,1,0,0,0,0,0,(),蕓風,,

990251,1,0,0,0,0,0,(),配偶者,,
990251,1,0,0,0,0,0,(),夫,,
990251,1,0,0,0,0,0,(),妻,,

990253,1,0,0,0,0,0,(),出身校,,
990253,1,0,0,0,0,0,(),出身大学,,
990253,1,0,0,0,0,0,(),卒業校,,
990253,1,0,0,0,0,0,(),出身学校,,
990253,1,0,0,0,0,0,(),母校,,
990253,1,0,0,0,0,0,(),学歴,,

990254,1,0,0,0,0,0,(),管理者,,
990254,1,0,0,0,0,0,(),管理機関,,
990254,1,0,0,0,0,0,(),担当機関,,
990254,1,0,0,0,0,0,(),キュレーター,,

990255,1,0,0,0,0,0,(),作曲者,,
990255,1,0,0,0,0,0,(),作曲,,

990256,1,0,0,0,0,0,(),作詞者,,
990256,1,0,0,0,0,0,(),作詞,,

990258,1,0,0,0,0,0,(),道路番号,,
990258,1,0,0,0,0,0,(),路線番号,,
